ASC_CAR = -0.15463249632692272
ASC_TRAIN = -0.701187029117192
B_COST = -1.0837903255966574
B_TIME = -1.2778596255961707
