B_COST = -3.9209537537464985
B_TIME = -2.6921211894259676
LAMBDA_COST = 0.06272581180861637
LAMBDA_TIME = 0.16689657365508126
