B_COST = -2.213286795091115
B_TIME = -4.99299291608131
