ASC_CAR = -0.30914442349555177
ASC_TRAIN = -4.767823053711521
B_COST = -3.3349121585243835
B_COST_MNL = -2.394983869635445
B_TIME = -3.3036676181894284
B_TIME_MNL = 0.1751284725141296
LAMBDA_COST = 5.882820573852227e-06
LAMBDA_TIME = 1.3997095279615178e-05
mu = -1.224790181867821
