ASC_CAR = 0.1606433738601757
ASC_TRAIN = -0.6124824458201361
B_COST = -0.09329741708259293
B_COST_MNL = -3.187898796036266
B_TIME = -7.203956278258362
B_TIME_MNL = -3.2342580583604468
mu = 0.43189555164891047
